W:
0.0000,0.0000,0.0000,0.0000,0.0000,0.0000,0.0000,0.0000,0.0000,0.0000,0.0000,0.0000,0.0000,0.0000,0.0005,0.0000
0.0000,0.0000,0.0000,0.0001,0.0000,0.0000,0.0001,0.0000,0.0000,0.0000,0.0000,0.0000,0.0000,0.0000,0.0000,0.0000
0.0000,0.0000,0.0000,0.0000,0.0000,0.0000,0.0000,0.0000,0.0001,0.0000,0.0000,0.0000,0.0000,0.0000,0.0000,0.0000
0.0000,0.0001,0.0000,0.0000,0.0000,0.0001,0.0000,0.0000,0.0000,0.0001,0.0000,0.0000,0.0000,0.0002,0.0000,0.0000
0.0000,0.0000,0.0000,0.0000,0.0000,0.0000,0.0000,0.0000,0.0000,0.0000,0.0000,0.0001,0.0000,0.0000,0.0000,0.0000
0.0000,0.0000,0.0000,0.0001,0.0000,0.0000,0.0000,0.0000,0.0000,0.0001,0.0000,0.0000,0.0000,0.0000,0.0000,0.0000
0.0000,0.0001,0.0000,0.0000,0.0000,0.0000,0.0000,0.0000,0.0002,0.0000,0.0000,0.0000,0.1303,0.0000,0.0000,0.0000
0.0000,0.0000,0.0000,0.0000,0.0000,0.0000,0.0000,0.0000,0.0000,0.0000,0.0000,0.0002,0.0000,0.0000,0.0000,0.0000
0.0000,0.0000,0.0001,0.0000,0.0000,0.0000,0.0002,0.0000,0.0000,0.0000,0.0000,0.0000,0.0001,0.0000,0.0000,0.0000
0.0000,0.0000,0.0000,0.0001,0.0000,0.0001,0.0000,0.0000,0.0000,0.0000,0.0000,0.0000,0.0000,0.0000,0.0000,0.0021
0.0000,0.0000,0.0000,0.0000,0.0000,0.0000,0.0000,0.0000,0.0000,0.0000,0.0000,0.0000,0.0000,0.0000,0.0001,0.0000
0.0000,0.0000,0.0000,0.0000,0.0001,0.0000,0.0000,0.0002,0.0000,0.0000,0.0000,0.0000,0.0000,0.0000,0.0000,0.0000
0.0000,0.0000,0.0000,0.0000,0.0000,0.0000,0.1303,0.0000,0.0001,0.0000,0.0000,0.0000,0.0000,0.0000,0.0000,0.0000
0.0000,0.0000,0.0000,0.0002,0.0000,0.0000,0.0000,0.0000,0.0000,0.0000,0.0000,0.0000,0.0000,0.0000,0.0000,0.0000
0.0005,0.0000,0.0000,0.0000,0.0000,0.0000,0.0000,0.0000,0.0000,0.0000,0.0001,0.0000,0.0000,0.0000,0.0000,0.0000
0.0000,0.0000,0.0000,0.0000,0.0000,0.0000,0.0000,0.0000,0.0000,0.0021,0.0000,0.0000,0.0000,0.0000,0.0000,0.0000

D:
0.0005,0.0000,0.0000,0.0000,0.0000,0.0000,0.0000,0.0000,0.0000,0.0000,0.0000,0.0000,0.0000,0.0000,0.0000,0.0000
0.0000,0.0003,0.0000,0.0000,0.0000,0.0000,0.0000,0.0000,0.0000,0.0000,0.0000,0.0000,0.0000,0.0000,0.0000,0.0000
0.0000,0.0000,0.0002,0.0000,0.0000,0.0000,0.0000,0.0000,0.0000,0.0000,0.0000,0.0000,0.0000,0.0000,0.0000,0.0000
0.0000,0.0000,0.0000,0.0005,0.0000,0.0000,0.0000,0.0000,0.0000,0.0000,0.0000,0.0000,0.0000,0.0000,0.0000,0.0000
0.0000,0.0000,0.0000,0.0000,0.0002,0.0000,0.0000,0.0000,0.0000,0.0000,0.0000,0.0000,0.0000,0.0000,0.0000,0.0000
0.0000,0.0000,0.0000,0.0000,0.0000,0.0003,0.0000,0.0000,0.0000,0.0000,0.0000,0.0000,0.0000,0.0000,0.0000,0.0000
0.0000,0.0000,0.0000,0.0000,0.0000,0.0000,0.1307,0.0000,0.0000,0.0000,0.0000,0.0000,0.0000,0.0000,0.0000,0.0000
0.0000,0.0000,0.0000,0.0000,0.0000,0.0000,0.0000,0.0003,0.0000,0.0000,0.0000,0.0000,0.0000,0.0000,0.0000,0.0000
0.0000,0.0000,0.0000,0.0000,0.0000,0.0000,0.0000,0.0000,0.0005,0.0000,0.0000,0.0000,0.0000,0.0000,0.0000,0.0000
0.0000,0.0000,0.0000,0.0000,0.0000,0.0000,0.0000,0.0000,0.0000,0.0023,0.0000,0.0000,0.0000,0.0000,0.0000,0.0000
0.0000,0.0000,0.0000,0.0000,0.0000,0.0000,0.0000,0.0000,0.0000,0.0000,0.0001,0.0000,0.0000,0.0000,0.0000,0.0000
0.0000,0.0000,0.0000,0.0000,0.0000,0.0000,0.0000,0.0000,0.0000,0.0000,0.0000,0.0003,0.0000,0.0000,0.0000,0.0000
0.0000,0.0000,0.0000,0.0000,0.0000,0.0000,0.0000,0.0000,0.0000,0.0000,0.0000,0.0000,0.1304,0.0000,0.0000,0.0000
0.0000,0.0000,0.0000,0.0000,0.0000,0.0000,0.0000,0.0000,0.0000,0.0000,0.0000,0.0000,0.0000,0.0002,0.0000,0.0000
0.0000,0.0000,0.0000,0.0000,0.0000,0.0000,0.0000,0.0000,0.0000,0.0000,0.0000,0.0000,0.0000,0.0000,0.0006,0.0000
0.0000,0.0000,0.0000,0.0000,0.0000,0.0000,0.0000,0.0000,0.0000,0.0000,0.0000,0.0000,0.0000,0.0000,0.0000,0.0021

Lnorm:
1.0000,-0.0002,-0.0323,-0.0001,-0.0187,-0.0049,-0.0021,-0.0016,-0.0037,-0.0010,-0.0038,-0.0003,-0.0025,0.0000,-0.8515,-0.0001
-0.0002,1.0000,-0.0031,-0.2216,-0.0005,-0.0025,-0.0210,-0.0058,-0.0676,-0.0002,-0.0089,-0.0088,-0.0063,-0.0190,-0.0044,0.0000
-0.0323,-0.0031,1.0000,-0.0033,-0.0652,-0.1878,-0.0016,-0.0017,-0.2832,-0.0076,-0.0016,-0.0024,-0.0013,-0.0004,-0.0076,-0.0015
-0.0001,-0.2216,-0.0033,1.0000,-0.0004,-0.1481,-0.0012,-0.0178,-0.0781,-0.0511,-0.0021,-0.0143,-0.0002,-0.6261,-0.0006,-0.0069
-0.0187,-0.0005,-0.0652,-0.0004,1.0000,-0.1347,-0.0001,-0.0119,-0.0022,-0.0032,-0.0483,-0.3864,-0.0001,-0.0007,-0.0384,-0.0020
-0.0049,-0.0025,-0.1878,-0.1481,-0.1347,1.0000,-0.0007,-0.0037,-0.0533,-0.0756,-0.0042,-0.0413,-0.0002,-0.0295,-0.0049,-0.0501
-0.0021,-0.0210,-0.0016,-0.0012,-0.0001,-0.0007,1.0000,-0.0033,-0.0297,-0.0002,-0.0003,-0.0004,-0.9977,-0.0001,-0.0013,0.0000
-0.0016,-0.0058,-0.0017,-0.0178,-0.0119,-0.0037,-0.0033,1.0000,-0.0275,-0.0445,-0.0028,-0.6285,-0.0012,-0.0025,-0.0056,-0.0015
-0.0037,-0.0676,-0.2832,-0.0781,-0.0022,-0.0533,-0.0297,-0.0275,1.0000,-0.0039,-0.0004,-0.0065,-0.0081,-0.0009,-0.0043,-0.0009
-0.0010,-0.0002,-0.0076,-0.0511,-0.0032,-0.0756,-0.0002,-0.0445,-0.0039,1.0000,-0.0042,-0.0065,-0.0001,-0.0047,-0.0018,-0.9488
-0.0038,-0.0089,-0.0016,-0.0021,-0.0483,-0.0042,-0.0003,-0.0028,-0.0004,-0.0042,1.0000,-0.0113,-0.0001,-0.0038,-0.2941,-0.0031
-0.0003,-0.0088,-0.0024,-0.0143,-0.3864,-0.0413,-0.0004,-0.6285,-0.0065,-0.0065,-0.0113,1.0000,-0.0002,-0.0390,-0.0063,-0.0008
-0.0025,-0.0063,-0.0013,-0.0002,-0.0001,-0.0002,-0.9977,-0.0012,-0.0081,-0.0001,-0.0001,-0.0002,1.0000,0.0000,-0.0007,0.0000
0.0000,-0.0190,-0.0004,-0.6261,-0.0007,-0.0295,-0.0001,-0.0025,-0.0009,-0.0047,-0.0038,-0.0390,0.0000,1.0000,0.0000,-0.0011
-0.8515,-0.0044,-0.0076,-0.0006,-0.0384,-0.0049,-0.0013,-0.0056,-0.0043,-0.0018,-0.2941,-0.0063,-0.0007,0.0000,1.0000,-0.0003
-0.0001,0.0000,-0.0015,-0.0069,-0.0020,-0.0501,0.0000,-0.0015,-0.0009,-0.9488,-0.0031,-0.0008,0.0000,-0.0011,-0.0003,1.0000

A:
1.9000,0.0043,0.0000,-0.0002,0.0016,-0.0018,0.0004,0.0020,0.0000,0.0000,0.0019,0.0012,-0.0013,-0.0033,0.0000,-0.0009
0.0043,1.0357,-0.0029,-0.0036,-0.0032,0.0001,-0.0040,-0.0015,0.0020,0.0019,-0.0010,-0.0026,-0.0001,-0.0002,0.0000,0.0000
0.0000,-0.0029,1.3203,0.0001,-0.0032,0.0028,0.0000,0.0008,0.0018,0.0042,0.0058,0.0038,0.0001,-0.0012,-0.0002,0.0000
-0.0002,-0.0036,0.0001,1.6692,0.0001,0.0000,0.0027,-0.0005,-0.0008,-0.0035,-0.0004,-0.0015,0.0052,0.0033,0.0000,-0.0023
0.0016,-0.0032,-0.0032,0.0001,0.9238,-0.0001,0.0000,0.0016,0.0001,0.0000,0.0008,0.0000,0.0009,0.0000,-0.0033,-0.0034
-0.0018,0.0001,0.0028,0.0000,-0.0001,1.1488,0.0030,-0.0010,0.0001,-0.0011,0.0000,0.0006,0.0000,-0.0006,0.0021,0.0000
0.0004,-0.0040,0.0000,0.0027,0.0000,0.0030,1.9980,-0.0012,0.0000,-0.0001,0.0000,-0.0042,-0.0007,-0.0034,-0.0009,-0.0017
0.0020,-0.0015,0.0008,-0.0005,0.0016,-0.0010,-0.0012,1.7376,0.0010,-0.0001,0.0000,0.0001,-0.0028,0.0048,-0.0002,-0.0002
0.0000,0.0020,0.0018,-0.0008,0.0001,0.0001,0.0000,0.0010,0.6493,-0.0014,0.0008,-0.0005,0.0001,-0.0005,0.0021,-0.0013
0.0000,0.0019,0.0042,-0.0035,0.0000,-0.0011,-0.0001,-0.0001,-0.0014,1.9522,0.0039,0.0002,-0.0004,-0.0001,0.0024,0.0000
0.0019,-0.0010,0.0058,-0.0004,0.0008,0.0000,0.0000,0.0000,0.0008,0.0039,0.9920,0.0001,-0.0004,-0.0001,0.0000,0.0001
0.0012,-0.0026,0.0038,-0.0015,0.0000,0.0006,-0.0042,0.0001,-0.0005,0.0002,0.0001,0.2270,0.0000,0.0038,0.0000,-0.0010
-0.0013,-0.0001,0.0001,0.0052,0.0009,0.0000,-0.0007,-0.0028,0.0001,-0.0004,-0.0004,0.0000,0.0010,-0.0061,-0.0044,-0.0038
-0.0033,-0.0002,-0.0012,0.0033,0.0000,-0.0006,-0.0034,0.0048,-0.0005,-0.0001,-0.0001,0.0038,-0.0061,0.3319,0.0001,0.0018
0.0000,0.0000,-0.0002,0.0000,-0.0033,0.0021,-0.0009,-0.0002,0.0021,0.0024,0.0000,0.0000,-0.0044,0.0001,0.0902,-0.0001
-0.0009,0.0000,0.0000,-0.0023,-0.0034,0.0000,-0.0017,-0.0002,-0.0013,0.0000,0.0001,-0.0010,-0.0038,0.0018,-0.0001,0.0230

V:
0.6689,0.1585,0.0067,-0.0014,-0.1065,-0.0290,0.0010,-0.0020,-0.0280,-0.0002,-0.2637,-0.1483,-0.0050,0.0367,0.6398,0.1105
-0.0030,0.6725,0.1406,-0.1982,-0.3471,0.1295,-0.0053,0.0485,0.0099,0.0049,0.5363,0.1272,0.0202,0.2059,0.0141,0.0463
-0.0202,-0.1639,0.7095,0.0611,-0.0852,-0.0053,0.0037,-0.0367,0.6573,-0.0052,-0.0718,0.1041,0.0121,0.0510,0.0501,0.0595
0.0022,-0.0113,-0.0491,0.6893,0.0031,0.0075,0.0003,-0.1636,-0.1397,-0.0460,-0.0166,0.3515,0.0083,0.5711,0.0122,0.1537
-0.0008,0.3187,-0.0168,0.1169,0.5466,-0.5317,0.0035,0.3541,0.1360,-0.0143,0.0934,0.2992,0.0079,-0.2062,0.1006,0.0888
0.0030,0.1607,-0.3049,-0.1486,0.4295,0.6706,-0.0007,0.0048,0.3795,-0.0090,-0.1558,0.1622,0.0052,0.0949,0.0216,0.1439
0.0000,-0.0053,-0.0014,-0.0001,0.0072,0.0031,0.7074,0.0001,-0.0126,0.0000,-0.0032,-0.0226,0.7063,-0.0001,0.0000,0.0000
0.0010,-0.1904,0.0184,0.1344,-0.3658,0.3024,-0.0018,0.5843,-0.1593,-0.0540,-0.0588,0.4471,0.0139,-0.3548,0.0721,0.1256
0.0078,-0.1767,-0.6049,-0.0784,-0.4079,-0.3268,-0.0146,0.0090,0.5380,0.0073,0.0841,0.1115,0.0311,0.0996,0.0291,0.0503
0.0000,-0.0058,0.0147,0.0377,-0.0232,-0.0259,0.0001,0.0307,-0.0314,0.7062,0.0088,-0.1804,-0.0061,-0.0492,-0.1544,0.6615
0.2289,-0.4928,0.0020,-0.0026,0.2590,0.1257,-0.0025,-0.0150,-0.0197,-0.0026,0.7528,-0.0231,-0.0020,-0.0016,0.2272,0.0489
0.0008,0.0121,0.0090,-0.1566,-0.0367,-0.0508,0.0006,-0.6870,-0.1115,0.0360,-0.0118,0.5422,0.0154,-0.4032,0.1011,0.1355
0.0000,-0.0053,0.0147,-0.0003,0.0205,0.0031,-0.7066,0.0001,-0.0212,0.0001,-0.0127,-0.0224,0.7063,-0.0002,0.0000,0.0000
-0.0004,-0.2399,0.1169,-0.6272,0.0860,-0.1701,0.0047,0.1669,-0.2298,0.0242,-0.1635,0.3267,-0.0008,0.5203,0.0128,0.1158
-0.7069,-0.0095,-0.0219,-0.0022,-0.0169,0.0132,-0.0001,-0.0067,-0.0450,-0.0010,-0.0058,-0.1477,-0.0054,0.0342,0.6780,0.1202
0.0000,-0.0008,0.0148,-0.0504,-0.0179,-0.0589,0.0001,-0.0393,-0.0305,-0.7028,0.0108,-0.2062,-0.0067,-0.0573,-0.1601,0.6522

U:
-0.0050,0.1105,0.6398,-0.1483,0.0367
0.0202,0.0463,0.0141,0.1272,0.2059
0.0121,0.0595,0.0501,0.1041,0.0510
0.0083,0.1537,0.0122,0.3515,0.5711
0.0079,0.0888,0.1006,0.2992,-0.2062
0.0052,0.1439,0.0216,0.1622,0.0949
0.7063,0.0000,0.0000,-0.0226,-0.0001
0.0139,0.1256,0.0721,0.4471,-0.3548
0.0311,0.0503,0.0291,0.1115,0.0996
-0.0061,0.6615,-0.1544,-0.1804,-0.0492
-0.0020,0.0489,0.2272,-0.0231,-0.0016
0.0154,0.1355,0.1011,0.5422,-0.4032
0.7063,0.0000,0.0000,-0.0224,-0.0002
-0.0008,0.1158,0.0128,0.3267,0.5203
-0.0054,0.1202,0.6780,-0.1477,0.0342
-0.0067,0.6522,-0.1601,-0.2062,-0.0573

T:
-0.0075,0.1657,0.9592,-0.2224,0.0550
0.0817,0.1869,0.0570,0.5137,0.8314
0.0861,0.4245,0.3574,0.7430,0.3641
0.0120,0.2234,0.0177,0.5107,0.8299
0.0204,0.2292,0.2597,0.7722,-0.5322
0.0218,0.6053,0.0909,0.6822,0.3994
0.9995,0.0000,0.0000,-0.0320,-0.0001
0.0237,0.2133,0.1224,0.7591,-0.6023
0.1905,0.3080,0.1781,0.6826,0.6093
-0.0087,0.9388,-0.2192,-0.2561,-0.0698
-0.0088,0.2092,0.9728,-0.0991,-0.0067
0.0221,0.1945,0.1451,0.7783,-0.5787
0.9995,0.0000,0.0000,-0.0317,-0.0003
-0.0013,0.1852,0.0205,0.5225,0.8320
-0.0076,0.1705,0.9616,-0.2094,0.0485
-0.0094,0.9253,-0.2272,-0.2925,-0.0812

Centroids(C):
-0.0080,0.1818,0.9645,-0.1770,0.0323
0.9995,0.0000,0.0000,-0.0319,-0.0002
-0.0091,0.9321,-0.2232,-0.2743,-0.0755
0.0652,0.3222,0.1203,0.6091,0.6443
0.0221,0.2123,0.1757,0.7699,-0.5711

Centroids(python):
12,9,13,14,11
0.9995,0.0000,0.0000,-0.0319,-0.0002
-0.0091,0.9321,-0.2232,-0.2743,-0.0755
0.0652,0.3222,0.1203,0.6091,0.6443
-0.0080,0.1818,0.9645,-0.1770,0.0323
0.0221,0.2123,0.1757,0.7699,-0.5711