W:
0.0000,0.0000,0.0000,0.0000
0.0000,0.0000,0.0000,0.1227
0.0000,0.0000,0.0000,0.0000
0.0000,0.1227,0.0000,0.0000

D:
0.0001,0.0000,0.0000,0.0000
0.0000,0.1228,0.0000,0.0000
0.0000,0.0000,0.0001,0.0000
0.0000,0.0000,0.0000,0.1228

Lnorm:
1.0000,-0.0050,-0.5564,-0.0080
-0.0050,1.0000,-0.0058,-0.9997
-0.5564,-0.0058,1.0000,-0.0031
-0.0080,-0.9997,-0.0031,1.0000

A:
1.5564,0.0000,0.0000,0.0000
0.0000,1.9997,0.0000,0.0000
0.0000,0.0000,0.4439,0.0000
0.0000,0.0000,0.0000,0.0000

V:
0.7071,0.0047,0.7069,0.0184
-0.0056,0.7071,-0.0175,0.7069
-0.7071,-0.0046,0.7069,0.0165
0.0037,-0.7071,-0.0174,0.7069

U:
0.0184,0.7069
0.7069,-0.0175
0.0165,0.7069
0.7069,-0.0174

T:
0.0260,0.9997
0.9997,-0.0248
0.0234,0.9997
0.9997,-0.0246

Centroids(C):
0.0247,0.9997
0.9997,-0.0247

Centroids(python):
0,3
0.0247,0.9997
0.9997,-0.0247